010000000
100100011
010000100
000011100
010000100
000000011
010000001
101010011
100000011
000100100
010000101
000011101
010000001
100010011
000100100
010000110
000011101
010000101
000000011
101010011
010000110
000000111
010000100
101100111
010000001
101010111
100110001
101000100
100110001
010000111
000011100
010000100
101100011
010000110
000000111
010000001
101100111
010000101
101010111
100110001
101000100
010001001
000011101
010001100
100100011
010000100
101010011
010000110
000000111
010000001
101100111
010110110
100100111
010000110
000001011
010000001
100101011
100110001
100110010
101000100
010001010
000011101
010000000
100100111
010000101
100000111
010000101
101010111
010000101
100000111
100100001
010000101
000000111
010000111
101010111
010000001
101100111
010000110
000001011
010010010
100101011
100110110
100110001
101000100
010001011
000011101
010000101
000000011
101000000
101010011
010000110
000000111
101000101
010000100
101010111
100110001
010000111
000000111
010000001
100100111
010000011
101010111
100110001
010001001
000000111
010000010
101010111
100110001
010001010
000000111
010000001
101010111
100110001
010001011
000000111
100110001
101000100
010001100
000011101
010000110
000000011
010000001
101100011
010000101
101010011
010001001
000000111
010000100
101010111
100110001
010000110
000000111
010000001
100100111
010000011
101010111
100110001
010001010
000000111
010000010
101010111
100110001
010001011
000000111
010000001
101010111
100110001
010001100
000000111
100110001
010001000
000011100
010000100
000000011
010000001
101010011
010011111
100000011
010000111
000000111
000110001
010000001
100010011
010001000
000000111
000110001
010000100
000000011
010000001
100000011
010000100
000011100
010000000
100100111
100101011
010001111
100000111
010000001
100001011
001010001
010000000
100100111
010001011
100000111
010000100
101010111
010001000
100000111
110001001
111111111
010000000
100100011
010000100
000011100
010000100
000000011
010000001
101010011
100000011
010111111
100000011
010000010
100000011
000100100
010000101
000011101
010000001
100010011
000100100
010000110
000011101
010000101
000000011
010000001
011111111
100100011
101000000
010000101
000000111
010000001
100100111
001000001
010000011
101010011
010001001
000011100
010000101
000000011
010001111
011111111
100100011
010000110
000000111
010000101
101100111
100110001
101000000
010000110
000000111
010000100
101100111
010000001
100100111
001000001
010000010
101010011
010001001
000000111
100110001
000011100
010000101
000000011
010110011
011111111
100100011
010000110
000000111
010110111
011111111
100100111
010000010
101100111
100110001
101000000
010000110
000000111
010000010
101100111
010000001
100100111
001000001
010000001
101010011
010001001
000000111
100110001
000011100
010000101
000000011
010000000
100100111
010001010
100000111
010000100
101010111
010001010
100000111
100100001
101000000
010000010
100010111
010000110
000001011
100101001
100110010
101000000
010000110
000000111
010000001
101100111
010000001
100100111
001000001
010001001
000000111
100110001
000011100
010000101
000000011
101000000
010000001
101010011
010000110
000000111
010000001
011111111
100100111
101000101
100110001
101000000
010001010
000011100
010101000
111000011
010000100
000000011
010000001
101010011
010111111
100000011
010100000
100000011
010000111
000000111
000110001
010000001
100010011
010001000
000000111
000110001
010000100
000000011
010000001
100000011
010000100
000011100
010000000
100100111
100101011
010001111
100000111
010000001
100001011
001010001
010000000
100100111
010000101
100000111
101010111
010000111
100000111
110001001
111111111
010000101
000000011
101100011
010000111
000011100
010000101
000000011
010000001
101100011
010000100
101010011
010000110
000000111
010000101
101100111
010000001
101010111
100110001
010000110
000000111
010001000
100100111
010000011
101100111
100110001
010001000
000011100
010001001
000000011
010001111
001100011
010001010
000000111
100100001
010000001
001010011
010000000
100101011
010010001
100001011
010000001
111001110
010000000
100100011
011001111
010000111
000011100
010001000
000011100
010000000
100100111
010000011
100000111
010000101
101010111
010000000
100000111
110000001
010001001
000000011
010000000
001010011
100101011
010001001
100001011
010000001
111001110
010000111
000000011
010000100
101110011
010000111
000011100
010010010
111000011
010001001
000000011
010000001
001010011
010000000
100101011
010001001
100001011
010000001
111001110
010000111
000000011
010000010
101110011
010000111
000011100
010010010
111000011
010001001
000000011
010000010
001010011
010000000
100101011
010001001
100001011
010000001
111001110
010000111
000000011
010000001
101110011
010000111
000011100
010010111
111000011
010001001
000000011
010000011
001010011
010000000
100101011
010001110
100001011
010000001
111001110
010001000
000000011
010000000
100100111
010000001
100000111
010000111
101010111
101110001
010001000
000011100
010010111
111000011
010001001
000000011
010000100
001010011
010000000
100101011
010001110
100001011
010000001
111001110
010001000
000000011
010000000
100100111
010000001
100000111
010000110
101010111
101110001
010001000
000011100
010010001
111000011
010001001
000000011
010000101
001010011
010000000
100101011
010001001
100001011
010000001
111001110
010001000
000000011
010100000
101110011
010001000
000011100
010010001
111000011
010001001
000000011
010000110
001010011
010000000
100101011
010001001
100001011
010000001
111001110
010001000
000000011
010010000
101110011
010001000
000011100
010010001
111000011
010001001
000000011
010001000
001010011
010000000
100101011
010001001
100001011
010000001
111001110
010001000
000000011
010001000
101110011
010001000
000011100
010010001
111000011
010001001
000000011
010001001
001010011
010000000
100101011
010001001
100001011
010000001
111001110
010001000
000000011
010000100
101110011
010001000
000011100
010010001
111000011
010001001
000000011
010001010
001010011
010000000
100101011
010001001
100001011
010000001
111001110
010001000
000000011
010000010
101110011
010001000
000011100
010010001
111000011
010001001
000000011
010001100
001010011
010000000
100101011
010000111
100001011
010000001
111001110
010001000
000000011
010000001
101110011
010001000
000011100
010000000
100100111
010000011
100000111
010000110
101010111
010011110
100000111
110000001
